Tiempo (s) Serie Nº 1	Pressió absoluta (torr) Serie Nº 1	Temperatura (°C) Serie Nº 1
0,000	735,376	11,78
0,200	735,441	11,80
0,400	735,229	11,83
0,600	735,409	11,84
0,800	735,327	11,86
1,000	735,392	11,89
1,200	735,278	11,91
1,400	735,311	11,92
1,600	735,294	11,93
1,800	735,376	11,94
2,000	735,474	11,96
2,200	735,474	11,98
2,400	735,261	11,99
2,600	735,409	12,00
2,800	735,376	12,00
3,000	735,474	12,01
3,200	701,555	12,00
3,400	668,093	12,00
3,600	636,350	12,01
3,800	609,041	12,01
4,000	583,613	12,02
4,200	559,511	12,04
4,400	535,851	12,04
4,600	514,138	12,04
4,800	493,488	12,04
5,000	472,855	12,04
5,200	453,956	12,05
5,400	435,974	12,05
5,600	418,286	12,05
5,800	401,203	12,06
6,000	385,643	12,06
6,200	370,344	12,06
6,400	355,225	12,06
6,600	341,333	12,06
6,800	327,948	12,06
7,000	315,202	12,07
7,200	302,995	12,06
7,400	290,560	12,05
7,600	279,957	12,05
7,800	269,223	12,05
8,000	258,964	12,05
8,200	248,835	12,05
8,400	239,787	12,04
8,600	230,657	12,04
8,800	221,984	12,04
9,000	213,623	12,04
9,200	205,736	12,04
9,400	198,013	12,04
9,600	190,486	12,04
9,800	183,401	12,05
10,000	176,856	12,05
10,200	170,230	12,07
10,400	164,077	12,10
10,600	157,647	12,12
10,800	152,296	12,14
11,000	146,488	12,16
11,200	141,366	12,17
11,400	136,326	12,19
11,600	131,238	12,22
11,800	126,542	12,24
12,000	121,927	12,26
12,200	117,706	12,26
12,400	113,550	12,26
12,600	109,410	12,26
12,800	105,221	12,26
13,000	101,507	12,26
13,200	98,169	12,26
13,400	94,438	12,27
13,600	90,904	12,27
13,800	87,730	12,27
14,000	84,882	12,28
14,200	81,937	12,28
14,400	78,877	12,29
14,600	76,112	12,30
14,800	73,527	12,31
15,000	71,023	12,31
15,200	68,438	12,31
15,400	66,196	12,31
15,600	63,824	12,31
15,800	61,729	12,30
16,000	59,586	12,31
16,200	57,557	12,30
16,400	55,610	12,30
16,600	53,908	12,29
16,800	52,092	12,30
17,000	50,145	12,31
17,200	48,558	12,30
17,400	46,970	12,31
17,600	45,252	12,31
17,800	44,042	12,30
18,000	42,405	12,31
18,200	41,064	12,31
18,400	39,869	12,32
18,600	38,249	12,32
18,800	37,317	12,31
19,000	35,909	12,31
19,200	35,009	12,31
19,400	33,831	12,29
19,600	32,719	12,29
19,800	31,851	12,29
20,000	30,837	12,29
20,200	29,970	12,29
20,400	29,201	12,28
20,600	28,055	12,28
20,800	27,466	12,27
21,000	26,501	12,26
21,200	26,239	12,25
21,400	25,568	12,25
21,600	25,208	12,24
21,800	24,685	12,24
22,000	24,554	12,23
22,200	24,128	12,23
22,400	23,948	12,22
22,600	23,768	12,24
22,800	23,687	12,24
23,000	23,523	12,25
23,200	23,457	12,26
23,400	23,196	12,26
23,600	23,474	12,25
23,800	23,179	12,25
24,000	22,901	12,24
24,200	22,737	12,23
24,400	22,672	12,23
24,600	22,410	12,22
24,800	22,476	12,19
25,000	22,459	12,18
25,200	22,410	12,15
25,400	22,607	12,14
25,600	22,639	12,12
25,800	22,443	12,09
26,000	22,148	12,08
26,200	22,181	12,07
26,400	22,394	12,06
26,600	22,050	12,04
26,800	21,985	12,04
27,000	21,690	12,03
27,200	21,674	12,02
27,400	21,707	12,01
27,600	21,690	12,00
27,800	21,527	11,99
28,000	21,641	11,98
28,200	21,592	11,97
28,400	21,576	11,95
28,600	21,265	11,94
28,800	21,330	11,93
29,000	21,249	11,91
29,200	21,085	11,88
29,400	21,118	11,84
29,600	21,249	11,80
29,800	21,150	11,77
30,000	21,036	11,74
30,200	20,774	11,71
30,400	20,643	11,68
30,600	20,774	11,64
30,800	20,741	11,60
31,000	20,807	11,56
31,200	20,741	11,52
31,400	20,709	11,49
31,600	20,545	11,47
31,800	20,659	11,47
32,000	20,349	11,48
32,200	20,479	11,47
32,400	20,365	11,46
32,600	20,709	11,44
32,800	20,299	11,44
33,000	20,267	11,44
33,200	20,430	11,44
33,400	20,169	11,43
33,600	20,185	11,42
33,800	20,299	11,41
34,000	20,103	11,41
34,200	20,103	11,40
34,400	19,841	11,37
34,600	19,825	11,32
34,800	19,890	11,28
35,000	19,972	11,23
35,200	19,809	11,19
35,400	19,743	11,15
35,600	19,858	11,11
35,800	19,547	11,09
36,000	19,645	11,06
36,200	19,481	11,05
36,400	19,170	11,04
36,600	19,612	11,03
36,800	19,203	11,02
37,000	19,727	11,01
37,200	18,974	11,00
37,400	19,269	10,99
37,600	19,040	10,98
37,800	19,007	10,96
38,000	19,154	10,93
38,200	19,187	10,90
38,400	19,170	10,87
38,600	18,860	10,86
38,800	18,761	10,83
39,000	18,532	10,81
39,200	18,909	10,80
39,400	18,614	10,78
39,600	18,761	10,77
39,800	18,287	10,75
40,000	18,614	10,73
40,200	18,500	10,71
40,400	18,860	10,71
40,600	18,500	10,71
40,800	18,549	10,71
41,000	18,303	10,70
41,200	18,565	10,67
41,400	18,729	10,66
41,600	18,271	10,63
41,800	18,401	10,61
42,000	18,369	10,59
42,200	18,254	10,58
42,400	18,221	10,56
42,600	17,943	10,54
42,800	17,960	10,53
43,000	17,829	10,53
43,200	17,812	10,51
43,400	18,123	10,50
43,600	18,107	10,49
43,800	18,074	10,47
44,000	17,632	10,46
44,200	17,780	10,44
44,400	17,763	10,41
44,600	17,714	10,38
44,800	17,943	10,34
45,000	17,469	10,32
45,200	17,534	10,30
45,400	17,534	10,27
45,600	17,780	10,24
45,800	17,731	10,22
46,000	17,583	10,21
46,200	17,698	10,22
46,400	17,583	10,23
46,600	17,501	10,25
46,800	17,452	10,28
47,000	17,420	10,31
47,200	17,305	10,31
47,400	17,420	10,31
47,600	17,354	10,31
47,800	17,043	10,31
48,000	17,436	10,30
48,200	17,256	10,27
48,400	17,272	10,24
48,600	17,142	10,20
48,800	17,223	10,17
49,000	17,092	10,13
49,200	17,027	10,10
49,400	17,043	10,07
49,600	16,798	10,04
49,800	16,912	10,01
50,000	17,011	9,98
50,200	17,043	9,96
50,400	16,945	9,94
50,600	16,863	9,93
50,800	16,749	9,90
51,000	16,487	9,88
51,200	16,863	9,86
51,400	16,880	9,83
51,600	16,651	9,82
51,800	16,831	9,82
52,000	16,651	9,82
52,200	16,651	9,83
52,400	16,454	9,83
52,600	16,602	9,83
52,800	16,552	9,83
53,000	16,683	9,81
53,200	16,716	9,79
53,400	16,520	9,78
53,600	15,996	9,75
53,800	16,503	9,73
54,000	15,898	9,71
54,200	16,716	9,69
54,400	16,242	9,67
54,600	16,454	9,64
54,800	16,111	9,62
55,000	16,045	9,60
55,200	16,192	9,58
55,400	16,274	9,57
55,600	16,323	9,56
55,800	16,225	9,54
56,000	15,767	9,53
56,200	16,176	9,53
56,400	15,783	9,52
56,600	15,865	9,53
56,800	15,898	9,54
57,000	15,963	9,53
57,200	15,832	9,51
57,400	15,489	9,50
57,600	15,734	9,48
57,800	15,702	9,45
58,000	15,620	9,43
58,200	15,718	9,41
58,400	15,473	9,40
58,600	15,473	9,40
58,800	15,440	9,40
59,000	15,587	9,38
59,200	15,391	9,36
59,400	15,063	9,35
59,600	15,505	9,33
59,800	15,603	9,31
60,000	15,603	9,29
60,200	15,178	9,27
60,400	15,423	9,25
60,600	15,293	9,22
60,800	15,309	9,20
61,000	15,276	9,19
61,200	15,243	9,17
61,400	15,113	9,15
61,600	15,063	9,13
61,800	15,227	9,12
62,000	15,260	9,11
62,200	15,145	9,10
62,400	15,194	9,09
62,600	15,145	9,09
62,800	15,178	9,08
63,000	14,998	9,07
63,200	15,113	9,05
63,400	15,063	9,03
63,600	15,047	9,02
63,800	14,965	9,01
64,000	14,687	8,99
64,200	14,883	8,98
64,400	15,031	8,96
64,600	14,818	8,95
64,800	15,113	8,94
65,000	14,769	8,93
65,200	14,965	8,90
65,400	14,671	8,88
65,600	14,540	8,86
65,800	14,442	8,83
66,000	14,540	8,82
66,200	14,834	8,79
66,400	14,458	8,78
66,600	14,622	8,75
66,800	14,556	8,74
67,000	14,540	8,72
67,200	14,589	8,71
67,400	14,703	8,71
67,600	14,344	8,71
67,800	14,409	8,70
68,000	14,245	8,68
68,200	14,049	8,67
68,400	14,164	8,66
68,600	14,131	8,66
68,800	14,311	8,65
69,000	14,082	8,65
69,200	14,294	8,64
69,400	14,114	8,65
69,600	14,344	8,65
69,800	14,278	8,67
70,000	13,951	8,69
70,200	14,180	8,69
70,400	13,951	8,68
70,600	14,229	8,67
70,800	13,984	8,67
71,000	14,262	8,66
71,200	13,984	8,66
71,400	14,294	8,66
71,600	13,804	8,65
71,800	14,016	8,64
72,000	14,049	8,61
72,200	13,656	8,59
72,400	13,722	8,57
72,600	14,016	8,56
72,800	13,984	8,54
73,000	14,000	8,52
73,200	13,656	8,48
73,400	13,869	8,45
73,600	13,951	8,42
73,800	13,836	8,40
74,000	13,738	8,39
74,200	14,049	8,38
74,400	13,787	8,36
74,600	13,885	8,34
74,800	13,656	8,33
75,000	13,984	8,31
75,200	13,771	8,30
75,400	13,787	8,28
75,600	13,525	8,27
75,800	13,427	8,26
76,000	13,296	8,24
76,200	13,722	8,24
76,400	13,542	8,24
76,600	13,624	8,25
76,800	13,525	8,27
77,000	13,493	8,29
77,200	13,558	8,31
77,400	13,329	8,32
77,600	13,313	8,33
77,800	13,574	8,33
78,000	13,542	8,33
78,200	13,378	8,33
78,400	13,313	8,32
78,600	13,345	8,30
78,800	13,378	8,29
79,000	13,378	8,27
79,200	13,313	8,25
79,400	13,591	8,22
79,600	13,427	8,19
79,800	13,394	8,17
80,000	13,280	8,15
80,200	13,035	8,14
80,400	13,231	8,12
80,600	13,345	8,10
80,800	12,936	8,09
81,000	12,953	8,07
81,200	13,198	8,06
81,400	12,969	8,06
81,600	12,969	8,05
81,800	12,936	8,03
82,000	13,133	8,03
82,200	13,313	8,02
82,400	13,100	8,02
82,600	13,018	8,04
82,800	13,247	8,06
83,000	13,002	8,05
83,200	13,084	8,04
83,400	12,904	8,02
83,600	12,904	8,00
83,800	12,805	7,99
84,000	13,051	7,97
84,200	12,871	7,96
84,400	12,805	7,95
84,600	12,855	7,93
84,800	12,920	7,91
85,000	12,707	7,90
85,200	13,067	7,89
85,400	12,707	7,90
85,600	12,773	7,90
85,800	12,969	7,91
86,000	12,429	7,89
86,200	12,756	7,88
86,400	12,625	7,86
86,600	12,380	7,83
86,800	12,887	7,81
87,000	12,871	7,80
87,200	12,593	7,77
87,400	12,642	7,77
87,600	12,642	7,76
87,800	12,658	7,75
88,000	12,625	7,74
88,200	12,527	7,73
88,400	12,364	7,72
88,600	12,462	7,72
88,800	12,495	7,71
89,000	12,642	7,72
89,200	12,511	7,72
89,400	12,511	7,74
89,600	12,675	7,77
89,800	12,724	7,79
90,000	12,511	7,80
90,200	12,429	7,79
90,400	12,511	7,77
90,600	12,331	7,74
90,800	12,544	7,72
91,000	12,511	7,68
91,200	12,707	7,65
91,400	12,445	7,63
91,600	12,675	7,61
91,800	12,544	7,60
92,000	12,527	7,59
92,200	12,331	7,58
92,400	12,478	7,59
92,600	12,462	7,58
92,800	12,347	7,59
93,000	12,478	7,60
93,200	12,773	7,63
93,400	12,347	7,64
93,600	12,151	7,65
93,800	12,609	7,65
94,000	12,495	7,65
94,200	12,445	7,66
94,400	12,593	7,68
94,600	12,445	7,69
94,800	12,527	7,70
95,000	12,560	7,70
95,200	12,396	7,70
95,400	12,315	7,68
95,600	12,396	7,67
95,800	12,200	7,65
96,000	12,233	7,64
96,200	12,495	7,64
96,400	12,625	7,63
96,600	12,593	7,64
96,800	12,445	7,63
97,000	12,527	7,62
97,200	12,282	7,60
97,400	12,315	7,58
97,600	12,724	7,55
97,800	12,331	7,53
98,000	12,675	7,52
98,200	12,691	7,50
98,400	12,576	7,49
98,600	12,707	7,50
98,800	12,871	7,50
99,000	12,724	7,51
99,200	12,527	7,51
99,400	12,560	7,52
99,600	12,789	7,52
99,800	12,593	7,50
100,000	12,560	7,48
100,200	12,593	7,46
100,400	12,544	7,44
100,600	12,707	7,41
100,800	12,560	7,40
101,000	12,658	7,38
101,200	13,018	7,37
101,400	13,002	7,36
101,600	13,002	7,36
101,800	12,936	7,35
102,000	12,936	7,35
102,200	12,593	7,34
102,400	13,002	7,34
102,600	12,920	7,33
102,800	12,724	7,31
103,000	12,822	7,31
103,200	12,985	7,29
103,400	13,198	7,29
103,600	12,920	7,28
103,800	13,247	7,27
104,000	13,182	7,27
104,200	13,329	7,28
104,400	13,231	7,27
104,600	13,231	7,27
104,800	13,345	7,26
105,000	13,198	7,26
105,200	13,247	7,27
105,400	13,444	7,28
105,600	13,280	7,27
105,800	13,100	7,28
106,000	13,476	7,29
106,200	13,493	7,29
106,400	13,525	7,29
106,600	13,427	7,30
106,800	13,509	7,29
107,000	13,542	7,28
107,200	13,394	7,27
107,400	13,264	7,26
107,600	13,100	7,24
107,800	13,100	7,22
108,000	13,165	7,21
108,200	13,002	7,19
108,400	13,329	7,18
108,600	13,296	7,17
108,800	13,329	7,15
109,000	13,460	7,13
109,200	13,362	7,12
109,400	13,345	7,11
109,600	13,362	7,10
109,800	13,509	7,08
110,000	13,574	7,08
110,200	13,607	7,07
110,400	13,853	7,07
110,600	13,460	7,07
110,800	13,607	7,07
111,000	13,542	7,07
111,200	13,574	7,07
111,400	13,673	7,07
111,600	13,624	7,08
111,800	13,525	7,08
112,000	13,624	7,09
112,200	13,738	7,09
112,400	13,558	7,09
112,600	13,460	7,08
112,800	13,640	7,06
113,000	13,787	7,04
113,200	13,673	7,03
113,400	13,673	7,01
113,600	13,607	7,00
113,800	13,918	6,99
114,000	13,640	6,98
114,200	13,853	6,96
114,400	13,771	6,95
114,600	13,738	6,95
114,800	13,722	6,94
115,000	14,033	6,93
115,200	13,705	6,93
115,400	14,000	6,93
115,600	13,934	6,93
115,800	13,934	6,93
116,000	13,984	6,93
116,200	13,869	6,94
116,400	14,016	6,95
116,600	13,934	6,96
116,800	13,951	6,96
117,000	14,000	6,97
117,200	13,869	6,97
117,400	13,918	6,98
117,600	13,771	6,98
117,800	13,934	6,98
118,000	14,016	6,98
118,200	14,082	6,98
118,400	14,033	6,99
118,600	14,262	6,98
118,800	13,885	6,98
119,000	14,065	6,97
119,200	14,278	6,97
119,400	14,082	6,95
119,600	14,131	6,96
119,800	14,180	6,96
120,000	14,278	6,95
120,200	14,393	6,95
120,400	14,164	6,95
120,600	14,376	6,94
120,800	14,147	6,95
121,000	14,131	6,95
121,200	14,196	6,96
121,400	14,294	6,96
121,600	14,065	6,96
121,800	14,294	6,95
122,000	14,147	6,94
122,200	14,278	6,95
122,400	14,360	6,95
122,600	14,393	6,94
122,800	14,196	6,94
123,000	14,278	6,94
123,200	14,164	6,94
123,400	14,196	6,95
123,600	14,409	6,94
123,800	14,442	6,94
124,000	14,409	6,94
124,200	14,360	6,93
124,400	14,425	6,94
124,600	14,278	6,93
124,800	14,393	6,93
125,000	14,474	6,91
125,200	14,344	6,91
125,400	14,556	6,90
125,600	14,458	6,90
125,800	14,409	6,89
126,000	14,474	6,89
126,200	14,491	6,89
126,400	14,425	6,88
126,600	14,523	6,88
126,800	14,605	6,88
127,000	14,671	6,87
127,200	14,654	6,86
127,400	14,523	6,85
127,600	14,294	6,85
127,800	14,671	6,84
128,000	14,671	6,85
128,200	14,671	6,85
128,400	14,589	6,84
128,600	14,736	6,83
128,800	14,720	6,83
129,000	14,589	6,82
129,200	14,736	6,81
129,400	14,769	6,80
129,600	14,867	6,79
129,800	14,769	6,79
130,000	14,638	6,79
130,200	14,654	6,79
130,400	14,425	6,79
130,600	14,671	6,79
130,800	14,622	6,80
131,000	14,654	6,80
131,200	14,589	6,80
131,400	14,687	6,80
131,600	14,769	6,80
131,800	14,687	6,80
132,000	14,769	6,80
132,200	14,638	6,80
132,400	14,556	6,80
132,600	14,785	6,80
132,800	14,540	6,80
133,000	14,736	6,80
133,200	14,523	6,80
133,400	14,605	6,80
133,600	14,720	6,80
133,800	14,720	6,80
134,000	14,867	6,79
134,200	14,900	6,79
134,400	14,851	6,80
134,600	15,162	6,80
134,800	14,785	6,81
135,000	14,933	6,81
135,200	14,883	6,81
135,400	15,047	6,81
135,600	14,998	6,81
135,800	14,736	6,81
136,000	15,276	6,81
136,200	14,965	6,81
136,400	14,982	6,81
136,600	14,933	6,81
136,800	14,900	6,81
137,000	14,883	6,81
137,200	15,113	6,81
137,400	15,211	6,81
137,600	14,867	6,81
137,800	15,293	6,81
138,000	14,933	6,81
138,200	14,998	6,81
138,400	14,916	6,81
138,600	15,276	6,81
138,800	15,276	6,81
139,000	15,178	6,81
139,200	15,113	6,81
139,400	15,358	6,81
139,600	15,178	6,81
139,800	15,260	6,81
140,000	15,358	6,80
140,200	15,293	6,81
140,400	15,243	6,80
140,600	15,260	6,80
140,800	15,407	6,80
141,000	15,374	6,80
141,200	15,276	6,79
141,400	15,522	6,79
141,600	15,260	6,79
141,800	15,423	6,79
142,000	15,456	6,79
142,200	15,276	6,79
142,400	15,309	6,78
142,600	15,522	6,79
142,800	15,325	6,79
143,000	15,145	6,79
143,200	15,391	6,79
143,400	15,440	6,79
143,600	15,440	6,79
143,800	15,358	6,79
144,000	15,374	6,80
144,200	15,342	6,80
144,400	15,456	6,80
144,600	15,194	6,80
144,800	15,522	6,80
145,000	15,358	6,79
145,200	15,309	6,80
145,400	15,636	6,79
145,600	15,456	6,80
145,800	15,522	6,80
146,000	15,620	6,78
146,200	15,636	6,79
146,400	15,718	6,78
146,600	15,505	6,78
146,800	15,767	6,78
147,000	15,620	6,78
147,200	15,653	6,78
147,400	15,816	6,78
147,600	15,718	6,78
147,800	15,931	6,78
148,000	15,800	6,78
148,200	15,669	6,77
148,400	15,882	6,77
148,600	15,603	6,77
148,800	15,718	6,77
149,000	16,029	6,77
149,200	15,882	6,76
149,400	16,078	6,76
149,600	16,045	6,76
149,800	16,242	6,75
150,000	15,800	6,75
150,200	15,832	6,76
150,400	15,947	6,75
150,600	15,996	6,75
150,800	15,832	6,75
151,000	16,291	6,75
151,200	15,898	6,75
151,400	16,062	6,75
151,600	16,225	6,75
151,800	15,767	6,75
152,000	16,160	6,75
152,200	16,029	6,76
152,400	16,160	6,75
152,600	15,898	6,75
152,800	16,274	6,75
153,000	16,307	6,75
153,200	16,225	6,75
153,400	16,291	6,76
153,600	16,192	6,76
153,800	16,225	6,75
154,000	16,209	6,75
154,200	16,307	6,75
154,400	16,192	6,75
154,600	16,242	6,75
154,800	16,307	6,74
155,000	16,291	6,74
155,200	16,323	6,74
155,400	16,438	6,74
155,600	16,585	6,73
155,800	16,749	6,74
156,000	16,389	6,74
156,200	16,307	6,73
156,400	16,209	6,73
156,600	16,356	6,73
156,800	16,225	6,73
157,000	16,405	6,73
157,200	16,242	6,74
157,400	16,503	6,73
157,600	16,422	6,73
157,800	16,323	6,73
158,000	16,340	6,73
158,200	16,471	6,72
158,400	16,438	6,72
158,600	16,372	6,72
158,800	16,667	6,72
159,000	16,356	6,71
159,200	16,602	6,71
159,400	16,471	6,71
159,600	16,585	6,71
159,800	16,258	6,71
160,000	16,487	6,72
160,200	16,389	6,72
160,400	16,716	6,71
160,600	16,552	6,71
160,800	16,602	6,70
161,000	16,520	6,70
161,200	16,585	6,71
161,400	16,520	6,71
161,600	16,438	6,71
161,800	16,716	6,71
162,000	16,798	6,71
162,200	16,945	6,71
162,400	16,716	6,71
162,600	16,847	6,71
162,800	16,569	6,71
163,000	16,863	6,71
163,200	16,798	6,71
163,400	16,896	6,71
163,600	16,798	6,70
163,800	16,863	6,71
164,000	16,700	6,70
164,200	16,732	6,70
164,400	16,765	6,70
164,600	16,863	6,71
164,800	16,782	6,70
165,000	16,749	6,70
165,200	16,880	6,70
165,400	17,092	6,70
165,600	16,929	6,70
165,800	16,700	6,70
166,000	16,569	6,69
166,200	16,896	6,70
166,400	16,798	6,70
166,600	16,962	6,70
166,800	16,945	6,70
167,000	16,798	6,69
167,200	16,732	6,70
167,400	16,814	6,69
167,600	16,765	6,70
167,800	16,962	6,69
168,000	16,847	6,70
168,200	16,962	6,69
168,400	16,994	6,69
168,600	16,929	6,69
168,800	17,174	6,69
169,000	16,912	6,69
169,200	17,043	6,69
169,400	17,158	6,69
169,600	17,043	6,69
169,800	17,240	6,69
170,000	17,011	6,69
170,200	17,158	6,68
170,400	16,798	6,69
170,600	17,223	6,69
170,800	17,158	6,69
171,000	17,207	6,69
171,200	17,092	6,69
171,400	17,338	6,69
171,600	16,945	6,68
171,800	17,158	6,69
172,000	17,109	6,68
172,200	17,272	6,69
172,400	17,256	6,68
172,600	17,125	6,69
172,800	17,027	6,69
173,000	17,109	6,68
173,200	17,256	6,69
173,400	17,076	6,68
173,600	17,223	6,68
173,800	17,501	6,69
174,000	17,501	6,68
174,200	17,501	6,69
174,400	17,272	6,69
174,600	17,338	6,69
174,800	17,289	6,68
175,000	17,387	6,69
175,200	17,191	6,69
175,400	17,338	6,69
175,600	17,240	6,69
175,800	17,109	6,69
176,000	17,191	6,69
176,200	17,420	6,69
176,400	17,223	6,69
176,600	17,125	6,69
176,800	17,436	6,69
177,000	17,223	6,69
177,200	17,420	6,69
177,400	17,338	6,69
177,600	17,731	6,69
177,800	17,698	6,68
178,000	17,501	6,69
178,200	17,616	6,68
178,400	17,469	6,69
178,600	17,665	6,69
178,800	17,518	6,69
179,000	17,338	6,69
179,200	17,681	6,68
179,400	17,518	6,69
179,600	17,583	6,68
179,800	17,567	6,69
180,000	17,518	6,69
180,200	17,403	6,69
180,400	17,518	6,69
180,600	17,518	6,69
180,800	17,551	6,69
181,000	17,649	6,68
181,200	17,567	6,69
181,400	17,632	6,68
181,600	17,649	6,68
181,800	17,616	6,68
182,000	17,632	6,68
182,200	17,518	6,68
182,400	17,485	6,68
182,600	17,338	6,68
182,800	17,681	6,68
183,000	17,600	6,67
183,200	17,485	6,68
183,400	17,747	6,68
183,600	17,796	6,68
183,800	17,747	6,68
184,000	17,649	6,68
184,200	17,927	6,68
184,400	17,763	6,68
184,600	17,829	6,68
184,800	17,861	6,67
185,000	18,009	6,67
185,200	17,845	6,67
185,400	18,009	6,67
185,600	17,911	6,67
185,800	17,992	6,67
186,000	18,156	6,67
186,200	18,009	6,67
186,400	17,927	6,67
186,600	18,009	6,67
186,800	18,025	6,68
187,000	18,140	6,67
187,200	18,074	6,68
187,400	17,992	6,67
187,600	18,140	6,67
187,800	18,271	6,67
188,000	18,189	6,67
188,200	18,009	6,67
188,400	18,041	6,67
188,600	18,091	6,68
188,800	17,861	6,67
189,000	17,812	6,67
189,200	17,894	6,68
189,400	17,960	6,68
189,600	17,747	6,67
189,800	17,845	6,68
190,000	17,992	6,68
190,200	18,058	6,68
190,400	17,829	6,68
190,600	18,074	6,67
190,800	18,287	6,67
191,000	18,041	6,67
191,200	17,943	6,68
191,400	18,123	6,67
191,600	18,123	6,68
191,800	17,976	6,68
192,000	17,878	6,67
192,200	18,074	6,67
192,400	18,058	6,67
192,600	18,041	6,67
192,800	18,303	6,67
193,000	18,352	6,67
193,200	18,451	6,67
193,400	18,352	6,68
193,600	18,205	6,67
193,800	18,287	6,66
194,000	18,041	6,67
194,200	18,434	6,66
194,400	18,418	6,66
194,600	18,418	6,66
194,800	18,303	6,66
195,000	18,581	6,66
195,200	18,500	6,67
195,400	18,369	6,67
195,600	18,483	6,66
195,800	18,434	6,67
196,000	18,451	6,66
196,200	18,532	6,66
196,400	18,352	6,66
196,600	18,467	6,66
196,800	18,565	6,67
197,000	18,451	6,67
197,200	18,451	6,66
197,400	18,451	6,66
197,600	18,745	6,66
197,800	18,663	6,66
198,000	18,500	6,66
198,200	18,876	6,66
198,400	18,680	6,66
198,600	18,532	6,67
198,800	18,663	6,67
199,000	18,549	6,67
199,200	18,843	6,67
199,400	18,729	6,67
199,600	18,680	6,67
199,800	18,630	6,67
200,000	18,745	6,67
200,200	18,532	6,67
200,400	18,729	6,68
200,600	18,876	6,68
200,800	18,745	6,68
201,000	18,696	6,68
201,200	18,860	6,67
201,400	18,810	6,68
201,600	18,990	6,68
201,800	18,827	6,67
202,000	19,089	6,67
202,200	18,990	6,67
202,400	18,974	6,68
202,600	18,958	6,68
202,800	19,007	6,67
203,000	18,647	6,68
203,200	19,056	6,68
203,400	19,007	6,68
203,600	19,203	6,68
203,800	18,909	6,68
204,000	18,843	6,69
204,200	18,827	6,68
204,400	18,990	6,68
204,600	19,007	6,68
204,800	19,203	6,68
205,000	19,007	6,68
205,200	19,089	6,68
205,400	19,269	6,68
205,600	19,072	6,68
205,800	19,089	6,68
206,000	19,252	6,68
206,200	19,121	6,68
206,400	19,007	6,69
206,600	18,909	6,68
206,800	19,121	6,69
207,000	19,089	6,68
207,200	19,154	6,69
207,400	19,007	6,68
207,600	19,301	6,68
207,800	19,285	6,68
208,000	19,203	6,68
208,200	19,252	6,69
208,400	19,154	6,68
208,600	19,187	6,68
208,800	19,040	6,68
209,000	19,040	6,68
209,200	19,285	6,68
209,400	19,220	6,68
209,600	18,958	6,69
209,800	19,236	6,68
210,000	19,236	6,68
210,200	19,383	6,68
210,400	19,334	6,68
210,600	19,400	6,68
210,800	19,203	6,68
211,000	19,383	6,68
211,200	19,383	6,68
211,400	19,530	6,68
211,600	19,367	6,68
211,800	19,432	6,68
212,000	19,465	6,69
212,200	19,563	6,68
212,400	19,252	6,68
212,600	19,350	6,68
212,800	19,530	6,68
213,000	19,547	6,68
213,200	19,301	6,69
213,400	19,432	6,69
213,600	19,318	6,69
213,800	19,547	6,68
214,000	19,580	6,69
214,200	19,580	6,69
214,400	19,580	6,68
214,600	19,923	6,68
214,800	19,792	6,69
215,000	19,809	6,68
215,200	19,612	6,69
215,400	19,858	6,68
215,600	19,809	6,68
215,800	19,890	6,68
216,000	19,874	6,68
216,200	19,776	6,68
216,400	19,678	6,68
216,600	19,841	6,68
216,800	19,923	6,68
217,000	19,825	6,68
217,200	19,923	6,67
217,400	19,939	6,68
217,600	19,612	6,68
217,800	19,645	6,68
218,000	19,580	6,68
218,200	19,989	6,68
218,400	19,956	6,68
218,600	19,841	6,68
218,800	20,070	6,68
219,000	19,874	6,67
219,200	19,989	6,68
219,400	20,070	6,68
219,600	20,070	6,68
219,800	19,972	6,68
220,000	20,087	6,68
220,200	20,185	6,68
220,400	20,267	6,68
220,600	20,038	6,67
220,800	20,119	6,68
221,000	20,038	6,68
221,200	20,005	6,67
221,400	20,103	6,68
221,600	20,234	6,67
221,800	19,841	6,68
222,000	20,169	6,68
222,200	20,185	6,67
222,400	20,152	6,68
222,600	20,218	6,67
222,800	20,283	6,67
223,000	20,201	6,68
223,200	20,136	6,67
223,400	20,119	6,68
223,600	20,152	6,68
223,800	20,169	6,68
224,000	20,054	6,68
224,200	20,119	6,68
224,400	20,218	6,67
224,600	20,021	6,67
224,800	20,365	6,67
225,000	20,201	6,68
225,200	20,316	6,69
225,400	20,283	6,68
225,600	20,103	6,67
225,800	20,201	6,68
226,000	20,332	6,68
226,200	20,299	6,68
226,400	20,463	6,68
226,600	20,627	6,68
226,800	20,398	6,68
227,000	20,463	6,68
227,200	20,561	6,68
227,400	20,594	6,68
227,600	20,398	6,68
227,800	20,398	6,68
228,000	20,414	6,68
228,200	20,479	6,67
228,400	20,398	6,67
228,600	20,479	6,67
228,800	20,430	6,67
229,000	20,234	6,67
229,200	20,398	6,67
229,400	20,594	6,68
229,600	20,316	6,67
229,800	20,676	6,67
230,000	20,512	6,67
230,200	20,561	6,67
230,400	20,676	6,67
230,600	20,610	6,67
230,800	20,627	6,66
231,000	20,561	6,67
231,200	20,643	6,67
231,400	20,496	6,67
231,600	20,676	6,67
231,800	20,987	6,67
232,000	21,019	6,67
232,200	20,823	6,68
232,400	20,758	6,67
232,600	20,823	6,67
232,800	20,627	6,68
233,000	20,643	6,68
233,200	20,610	6,68
233,400	20,839	6,68
233,600	20,774	6,68
233,800	20,561	6,68
234,000	20,692	6,68
234,200	20,692	6,69
234,400	20,659	6,69
234,600	20,709	6,69
234,800	20,872	6,68
235,000	20,774	6,69
235,200	20,938	6,68
235,400	20,774	6,68
235,600	20,758	6,68
235,800	20,676	6,68
236,000	20,921	6,68
236,200	21,085	6,68
236,400	20,938	6,69
236,600	20,839	6,69
236,800	21,036	6,69
237,000	20,676	6,69
237,200	20,709	6,69
237,400	20,889	6,69
237,600	21,150	6,69
237,800	21,101	6,68
238,000	21,134	6,69
238,200	21,085	6,68
238,400	20,889	6,69
238,600	21,069	6,68
238,800	20,987	6,69
239,000	21,118	6,69
239,200	21,199	6,68
239,400	21,134	6,68
239,600	21,314	6,68
239,800	20,905	6,69
240,000	21,118	6,68
240,200	21,199	6,68
240,400	21,134	6,68
240,600	21,134	6,69
240,800	21,150	6,69
241,000	21,281	6,69
241,200	21,118	6,68
241,400	21,216	6,68
241,600	21,036	6,68
241,800	21,265	6,68
242,000	21,281	6,68
242,200	21,412	6,69
242,400	21,167	6,68
242,600	20,905	6,68
242,800	21,134	6,69
243,000	21,003	6,68
243,200	21,249	6,68
243,400	21,281	6,68
243,600	21,052	6,68
243,800	21,199	6,68
244,000	21,281	6,68
244,200	21,265	6,68
244,400	21,036	6,68
244,600	21,314	6,69
244,800	20,872	6,69
245,000	21,101	6,68
245,200	21,019	6,68
245,400	21,003	6,69
245,600	21,265	6,68
245,800	21,150	6,69
246,000	21,199	6,68
246,200	21,118	6,69
246,400	21,085	6,69
246,600	21,379	6,69
246,800	21,101	6,69
247,000	21,428	6,69
247,200	21,298	6,69
247,400	21,347	6,69
247,600	21,101	6,68
247,800	21,428	6,69
248,000	21,445	6,69
248,200	21,412	6,69
248,400	21,510	6,69
248,600	21,592	6,69
248,800	21,379	6,69
249,000	21,445	6,69
249,200	21,543	6,69
249,400	21,281	6,69
249,600	21,330	6,69
249,800	21,265	6,69
250,000	21,674	6,69
250,200	21,265	6,69
250,400	21,199	6,69
250,600	21,216	6,69
250,800	21,461	6,69
251,000	21,330	6,69
251,200	21,461	6,69
251,400	21,478	6,69
251,600	21,478	6,69
251,800	21,592	6,69
252,000	21,510	6,69
252,200	21,723	6,69
252,400	21,461	6,69
252,600	21,396	6,69
252,800	21,347	6,69
253,000	21,707	6,69
253,200	21,608	6,68
253,400	21,543	6,69
253,600	21,756	6,69
253,800	21,674	6,69
254,000	21,641	6,69
254,200	21,805	6,69
254,400	21,658	6,69
254,600	21,788	6,69
254,800	21,952	6,69
255,000	21,985	6,69
255,200	21,821	6,69
255,400	21,870	6,68
255,600	21,821	6,68
255,800	22,181	6,67
256,000	21,772	6,68
256,200	22,116	6,67
256,400	22,132	6,67
256,600	21,903	6,68
256,800	21,952	6,68
257,000	21,903	6,68
257,200	22,050	6,69
257,400	22,001	6,69
257,600	21,985	6,68
257,800	21,903	6,69
258,000	22,018	6,69
258,200	22,214	6,69
258,400	21,854	6,69
258,600	21,985	6,70
258,800	22,116	6,69
259,000	22,198	6,69
259,200	22,198	6,69
259,400	22,018	6,69
259,600	21,985	6,70
259,800	22,116	6,70
260,000	22,148	6,69
260,200	22,001	6,70
260,400	21,887	6,70
260,600	21,985	6,70
260,800	21,658	6,71
261,000	22,181	6,70
261,200	22,001	6,70
261,400	21,887	6,71
261,600	22,067	6,71
261,800	22,083	6,71
262,000	22,050	6,71
262,200	22,132	6,71
262,400	22,001	6,71
262,600	22,018	6,71
262,800	22,328	6,71
263,000	22,083	6,71
263,200	22,018	6,71
263,400	22,001	6,72
263,600	22,198	6,71
263,800	22,132	6,72
264,000	22,148	6,71
264,200	22,361	6,72
264,400	22,001	6,72
264,600	21,870	6,72
264,800	22,034	6,72
265,000	22,296	6,71
265,200	22,067	6,71
265,400	22,279	6,72
265,600	22,230	6,72
265,800	22,018	6,72
266,000	22,034	6,72
266,200	22,165	6,72
266,400	22,148	6,72
266,600	22,214	6,72
266,800	22,050	6,72
267,000	22,247	6,72
267,200	21,985	6,72
267,400	22,099	6,72
267,600	22,198	6,72
267,800	21,968	6,72
268,000	22,312	6,73
268,200	22,378	6,72
268,400	22,165	6,73
268,600	22,034	6,72
268,800	22,116	6,73
269,000	22,328	6,72
269,200	22,296	6,73
269,400	21,968	6,73
269,600	22,214	6,73
269,800	22,230	6,73
270,000	22,001	6,72
270,200	22,050	6,73
270,400	22,214	6,72
270,600	22,328	6,73
270,800	22,214	6,73
271,000	22,181	6,73
271,200	22,378	6,73
271,400	22,001	6,73
271,600	22,345	6,72
271,800	22,296	6,73
272,000	21,985	6,73
272,200	21,936	6,73
272,400	22,410	6,73
272,600	22,099	6,73
272,800	22,099	6,73
273,000	21,838	6,73
273,200	22,034	6,73
273,400	22,328	6,73
273,600	22,279	6,73
273,800	22,361	6,74
274,000	22,165	6,73
274,200	22,181	6,73
274,400	22,181	6,74
274,600	22,279	6,73
274,800	22,099	6,74
275,000	22,116	6,73
275,200	22,427	6,74
275,400	21,968	6,74
275,600	22,165	6,73
275,800	22,132	6,74
276,000	22,198	6,74
276,200	22,508	6,74
276,400	22,214	6,74
276,600	22,116	6,74
276,800	22,459	6,74
277,000	22,590	6,74
277,200	22,607	6,74
277,400	22,312	6,75
277,600	22,492	6,74
277,800	22,263	6,74
278,000	22,132	6,74
278,200	22,214	6,74
278,400	22,378	6,74
278,600	22,165	6,74
278,800	22,312	6,75
279,000	22,492	6,75
279,200	22,443	6,75
279,400	22,328	6,74
279,600	22,361	6,74
279,800	22,181	6,74
280,000	22,099	6,75
280,200	22,312	6,74
280,400	22,263	6,74
280,600	22,263	6,75
280,800	22,410	6,75
281,000	22,410	6,74
281,200	22,525	6,75
281,400	22,410	6,75
281,600	22,443	6,75
281,800	22,361	6,75
282,000	22,459	6,74
282,200	22,459	6,75
282,400	22,574	6,75
282,600	22,525	6,75
282,800	22,541	6,75
283,000	22,345	6,75
283,200	22,459	6,76
283,400	22,558	6,75
283,600	22,590	6,75
283,800	22,656	6,75
284,000	22,427	6,76
284,200	22,541	6,75
284,400	22,328	6,75
284,600	22,623	6,76
284,800	22,459	6,76
285,000	22,508	6,75
285,200	22,427	6,76
285,400	22,492	6,76
285,600	22,656	6,76
285,800	22,999	6,75
286,000	22,590	6,75
286,200	22,508	6,75
286,400	22,623	6,75
286,600	22,427	6,75
286,800	22,934	6,76
287,000	22,819	6,76
287,200	22,639	6,75
287,400	22,885	6,75
287,600	22,525	6,75
287,800	22,525	6,76
288,000	22,688	6,76
288,200	22,623	6,76
288,400	22,754	6,76
288,600	22,770	6,76
288,800	22,770	6,74
289,000	22,639	6,70
289,200	22,950	6,66
289,400	22,688	6,62
289,600	23,048	6,59
289,800	23,114	6,56
290,000	23,163	6,53
290,200	23,179	6,49
290,400	23,147	6,46
290,600	23,147	6,43
290,800	23,196	6,40
291,000	23,212	6,39
291,200	23,016	6,38
291,400	23,277	6,36
291,600	23,097	6,34
291,800	23,343	6,34
292,000	23,359	6,34
292,200	23,196	6,34
292,400	23,392	6,35
292,600	23,359	6,36
292,800	23,572	6,38
293,000	23,408	6,39
293,200	23,392	6,42
293,400	23,507	6,44
293,600	23,457	6,46
293,800	23,572	6,47
294,000	23,621	6,49
294,200	23,507	6,50
294,400	23,359	6,52
294,600	23,457	6,53
294,800	23,441	6,54
295,000	23,261	6,55
295,200	23,310	6,55
295,400	23,539	6,55
295,600	23,310	6,56
295,800	23,490	6,57
296,000	23,327	6,57
296,200	23,343	6,57
296,400	23,261	6,57
296,600	23,474	6,57
296,800	23,523	6,57
297,000	23,343	6,58
297,200	23,441	6,58
297,400	23,408	6,58
297,600	23,310	6,58
297,800	23,294	6,57
298,000	23,605	6,57
298,200	23,425	6,58
298,400	23,277	6,58
298,600	23,147	6,57
298,800	23,212	6,57
299,000	23,359	6,57
299,200	23,523	6,56
299,400	23,261	6,57
299,600	23,294	6,57
299,800	23,228	6,57
300,000	23,408	6,57
300,200	23,114	6,57
300,400	23,310	6,57
300,600	23,408	6,57
300,800	23,392	6,57
301,000	23,441	6,57
301,200	23,392	6,57
301,400	23,359	6,57
301,600	23,425	6,57
301,800	23,277	6,57
302,000	23,327	6,58
302,200	23,114	6,57
302,400	23,327	6,57
302,600	23,196	6,57
302,800	23,277	6,56
303,000	23,408	6,57
303,200	23,228	6,56
303,400	23,212	6,55
303,600	23,277	6,55
303,800	23,294	6,55
304,000	23,425	6,54
304,200	23,294	6,54
304,400	23,065	6,53
304,600	23,327	6,53
304,800	23,277	6,52
305,000	23,327	6,52
305,200	23,327	6,51
305,400	23,392	6,50
305,600	23,310	6,50
305,800	23,196	6,50
306,000	23,114	6,50
306,200	23,408	6,50
306,400	23,310	6,49
306,600	23,441	6,49
306,800	23,065	6,48
307,000	23,212	6,47
307,200	23,327	6,47
307,400	23,474	6,47
307,600	23,523	6,47
307,800	23,801	6,46
308,000	23,605	6,47
308,200	23,556	6,47
308,400	23,703	6,47
308,600	23,752	6,47
308,800	23,425	6,47
309,000	23,621	6,48
309,200	23,719	6,47
309,400	23,719	6,47
309,600	23,621	6,46
309,800	23,572	6,46
310,000	23,572	6,46
310,200	23,621	6,45
310,400	23,605	6,45
310,600	23,703	6,44
310,800	23,637	6,45
311,000	23,850	6,44
311,200	23,752	6,44
311,400	23,752	6,42
311,600	23,703	6,42
311,800	23,621	6,42
312,000	23,687	6,42
312,200	23,932	6,41
312,400	23,719	6,41
312,600	23,588	6,40
312,800	23,850	6,40
313,000	23,719	6,39
313,200	23,850	6,39
313,400	23,752	6,38
313,600	23,916	6,38
313,800	24,030	6,37
314,000	23,801	6,36
314,200	23,408	6,36
314,400	23,801	6,35
314,600	23,605	6,35
314,800	23,687	6,34
315,000	23,605	6,33
315,200	23,834	6,33
315,400	23,605	6,31
315,600	23,817	6,31
315,800	23,310	6,31
316,000	23,785	6,30
316,200	23,834	6,29
316,400	23,670	6,29
316,600	23,916	6,28
316,800	23,834	6,28
317,000	23,752	6,27
317,200	23,867	6,26
317,400	23,637	6,26
317,600	23,834	6,25
317,800	23,932	6,24
318,000	23,474	6,24
318,200	23,572	6,23
318,400	23,801	6,22
318,600	23,850	6,22
318,800	23,572	6,22
319,000	23,687	6,21
319,200	23,703	6,20
319,400	23,703	6,20
319,600	23,654	6,19
319,800	23,785	6,19
320,000	23,670	6,18
320,200	23,539	6,17
320,400	23,637	6,16
320,600	23,654	6,16
320,800	23,621	6,15
321,000	23,899	6,15
321,200	23,523	6,14
321,400	23,376	6,13
321,600	23,572	6,13
321,800	23,621	6,11
322,000	23,916	6,11
322,200	23,703	6,10
322,400	23,703	6,10
322,600	23,457	6,10
322,800	23,654	6,08
323,000	23,441	6,07
323,200	23,588	6,08
323,400	23,621	6,06
323,600	23,523	6,06
323,800	23,556	6,05
324,000	23,588	6,04
324,200	23,408	6,03
324,400	23,670	6,03
324,600	23,588	6,02
324,800	23,523	6,01
325,000	23,687	6,00
325,200	23,539	5,99
325,400	23,490	5,99
325,600	23,457	5,98
325,800	23,392	5,97
326,000	23,736	5,97
326,200	23,343	5,96
326,400	23,310	5,95
326,600	23,507	5,94
326,800	23,441	5,93
327,000	23,556	5,93
327,200	23,457	5,92
327,400	23,507	5,90
327,600	23,457	5,90
327,800	23,507	5,89
328,000	23,621	5,88
328,200	23,376	5,87
328,400	23,408	5,86
328,600	23,605	5,86
328,800	23,343	5,85
329,000	23,408	5,83
329,200	23,687	5,82
329,400	23,588	5,82
329,600	23,408	5,82
329,800	23,392	5,81
330,000	23,408	5,80
330,200	23,228	5,79
330,400	23,572	5,79
330,600	23,245	5,77
330,800	23,588	5,77
331,000	23,490	5,76
331,200	23,441	5,75
331,400	23,425	5,74
331,600	23,736	5,73
331,800	23,327	5,72
332,000	23,474	5,70
332,200	23,294	5,69
332,400	23,457	5,68
332,600	23,343	5,66
332,800	23,277	5,65
333,000	23,277	5,64
333,200	23,457	5,63
333,400	23,457	5,63
333,600	23,294	5,62
333,800	23,572	5,61
334,000	23,343	5,60
334,200	23,376	5,60
334,400	23,408	5,58
334,600	23,277	5,57
334,800	23,343	5,56
335,000	23,196	5,55
335,200	23,425	5,55
335,400	23,441	5,54
335,600	23,212	5,53
335,800	23,261	5,52
336,000	23,179	5,51
336,200	23,310	5,51
336,400	23,408	5,50
336,600	23,376	5,49
336,800	23,441	5,48
337,000	23,457	5,47
337,200	23,212	5,46
337,400	23,343	5,45
337,600	23,327	5,44
337,800	23,196	5,44
338,000	23,294	5,43
338,200	23,212	5,42
338,400	23,065	5,42
338,600	23,130	5,41
338,800	23,147	5,39
339,000	23,376	5,38
339,200	23,376	5,38
339,400	23,425	5,37
339,600	23,425	5,36
339,800	23,376	5,35
340,000	23,081	5,34
340,200	23,245	5,33
340,400	23,228	5,33
340,600	23,359	5,31
340,800	23,212	5,30
341,000	23,294	5,29
341,200	23,147	5,28
341,400	23,245	5,27
341,600	23,097	5,26
341,800	23,408	5,25
342,000	23,261	5,24
342,200	23,196	5,22
342,400	23,048	5,22
342,600	23,294	5,21
342,800	23,163	5,20
343,000	23,048	5,19
343,200	23,114	5,18
343,400	22,983	5,17
343,600	23,408	5,17
343,800	23,130	5,16
344,000	23,097	5,14
344,200	23,196	5,14
344,400	23,147	5,13
344,600	23,130	5,12
344,800	23,196	5,12
345,000	23,212	5,11
345,200	23,310	5,10
345,400	23,179	5,09
345,600	22,999	5,08
345,800	22,836	5,08
346,000	23,032	5,07
346,200	23,179	5,07
346,400	23,065	5,06
346,600	23,032	5,05
346,800	22,868	5,04
347,000	23,032	5,04
347,200	23,130	5,03
347,400	23,048	5,04
347,600	23,261	5,03
347,800	23,097	5,03
348,000	23,310	5,03
348,200	23,097	5,02
348,400	22,967	5,02
348,600	23,228	5,01
348,800	23,114	5,01
349,000	23,130	5,00
349,200	23,081	5,00
349,400	23,114	5,01
349,600	23,130	5,00
349,800	23,065	4,99
350,000	22,836	4,99
350,200	23,130	4,98
350,400	23,081	4,98
350,600	22,983	4,96
350,800	23,179	4,95
351,000	23,081	4,95
351,200	23,179	4,94
351,400	23,163	4,94
351,600	23,081	4,94
351,800	23,327	4,92
352,000	23,032	4,91
352,200	23,261	4,91
352,400	23,277	4,90
352,600	23,032	4,88
352,800	23,196	4,88
353,000	23,097	4,87
353,200	23,179	4,86
353,400	23,179	4,85
353,600	23,212	4,84
353,800	23,097	4,83
354,000	23,097	4,82
354,200	23,179	4,81
354,400	23,294	4,80
354,600	23,196	4,79
354,800	23,277	4,78
355,000	23,097	4,77
355,200	22,967	4,77
355,400	23,179	4,75
355,600	23,212	4,74
355,800	23,114	4,74
356,000	22,999	4,72
356,200	22,967	4,72
356,400	23,376	4,70
356,600	22,950	4,69
356,800	23,327	4,68
357,000	22,967	4,68
357,200	22,950	4,66
357,400	23,687	4,65
357,600	25,192	4,64
357,800	31,901	4,64
358,000	68,602	4,67
358,200	139,370	4,71
358,400	218,663	4,76
358,600	304,517	4,80
358,800	382,239	4,85
359,000	453,760	4,89
359,200	519,979	4,92
359,400	573,681	4,96
359,600	617,860	4,99
359,800	652,729	5,02
360,000	683,981	5,04
360,200	702,831	5,06
360,400	715,103	5,08
360,600	723,480	5,11
360,800	728,356	5,12
361,000	732,005	5,14
361,200	736,341	5,15
361,400	737,667	5,16
361,600	739,532	5,18
361,800	740,350	5,19
362,000	740,727	5,20
362,200	741,594	5,21
362,400	741,937	5,23
362,600	741,937	5,24
362,800	742,150	5,25
363,000	741,986	5,26
363,200	741,856	5,27
363,400	742,363	5,28
363,600	742,199	5,29
363,800	742,363	5,30
364,000	742,117	5,31
364,200	742,526	5,32
364,400	742,526	5,33
364,600	742,428	5,34
364,800	742,346	5,35
365,000	742,232	5,35
365,200	742,314	5,36
365,400	742,494	5,38
365,600	742,625	5,38
365,800	742,739	5,39
366,000	742,805	5,40
366,200	742,952	5,41
366,400	742,756	5,42
366,600	742,592	5,43
366,800	743,083	5,43
367,000	742,706	5,44
367,200	742,886	5,45
367,400	743,066	5,46
367,600	743,181	5,47
367,800	743,083	5,47
368,000	742,788	5,48
368,200	742,935	5,49
368,400	743,132	5,50
368,600	743,066	5,50
368,800	743,345	5,51
369,000	743,099	5,52
